# written by adit from ASE Phonons (q mesh 10x10x10, Gaussian width 0.5 THz). frequency [THz], DOS [1/THz]
       -6.7704349725        0.0000383690
       -6.6377349141        0.0000831066
       -6.5050348557        0.0001680500
       -6.3723347973        0.0003173090
       -6.2396347389        0.0005595880
       -6.1069346806        0.0009219472
       -5.9742346222        0.0014194238
       -5.8415345638        0.0020427235
       -5.7088345054        0.0027486983
       -5.5761344470        0.0034593726
       -5.4434343886        0.0040734071
       -5.3107343302        0.0044890543
       -5.1780342718        0.0046318984
       -5.0453342134        0.0044772333
       -4.9126341550        0.0040582066
       -4.7799340966        0.0034566239
       -4.6472340383        0.0027805237
       -4.5145339799        0.0021374291
       -4.3818339215        0.0016122891
       -4.2491338631        0.0012552405
       -4.1164338047        0.0010793098
       -3.9837337463        0.0010649740
       -3.8510336879        0.0011682114
       -3.7183336295        0.0013302594
       -3.5856335711        0.0014886981
       -3.4529335127        0.0015893214
       -3.3202334543        0.0015968290
       -3.1875333959        0.0015012414
       -3.0548333376        0.0013175295
       -2.9221332792        0.0010783719
       -2.7894332208        0.0008228192
       -2.6567331624        0.0005851918
       -2.5240331040        0.0003879014
       -2.3913330456        0.0002396416
       -2.2586329872        0.0001379800
       -2.1259329288        0.0000740424
       -1.9932328704        0.0000370302
       -1.8605328120        0.0000172600
       -1.7278327536        0.0000074978
       -1.5951326953        0.0000030356
       -1.4624326369        0.0000011454
       -1.3297325785        0.0000004028
       -1.1970325201        0.0000001320
       -1.0643324617        0.0000000404
       -0.9316324033        0.0000000116
       -0.7989323449        0.0000000037
       -0.6662322865        0.0000000036
       -0.5335322281        0.0000000114
       -0.4008321697        0.0000000420
       -0.2681321113        0.0000001456
       -0.1354320530        0.0000004720
       -0.0027319946        0.0000014276
        0.1299680638        0.0000040304
        0.2626681222        0.0000106207
        0.3953681806        0.0000261257
        0.5280682390        0.0000599972
        0.6607682974        0.0001286431
        0.7934683558        0.0002575576
        0.9261684142        0.0004815418
        1.0588684726        0.0008408197
        1.1915685310        0.0013712498
        1.3242685894        0.0020888527
        1.4569686477        0.0029723944
        1.5896687061        0.0039512931
        1.7223687645        0.0049071717
        1.8550688229        0.0056938895
        1.9877688813        0.0061732078
        2.1204689397        0.0062548101
        2.2531689981        0.0059252601
        2.3858690565        0.0052538958
        2.5185691149        0.0043734451
        2.6512691733        0.0034439987
        2.7839692317        0.0026148474
        2.9166692900        0.0019968840
        3.0493693484        0.0016509822
        3.1820694068        0.0015901725
        3.3147694652        0.0017898592
        3.4474695236        0.0022015190
        3.5801695820        0.0027684565
        3.7128696404        0.0034434447
        3.8455696988        0.0042056879
        3.9782697572        0.0050703729
        4.1109698156        0.0060824625
        4.2436698740        0.0072908540
        4.3763699323        0.0087090126
        4.5090699907        0.0102783718
        4.6417700491        0.0118540471
        4.7744701075        0.0132248947
        4.9071701659        0.0141645195
        5.0398702243        0.0144948552
        5.1725702827        0.0141379418
        5.3052703411        0.0131375087
        5.4379703995        0.0116456824
        5.5706704579        0.0098835098
        5.7033705163        0.0080907001
        5.8360705747        0.0064789602
        5.9687706330        0.0051979286
        6.1014706914        0.0043173802
        6.2341707498        0.0038263120
        6.3668708082        0.0036480598
        6.4995708666        0.0036688006
        6.6322709250        0.0037736688
        6.7649709834        0.0038813718
        6.8976710418        0.0039671144
        7.0303711002        0.0040666060
        7.1630711586        0.0042602882
        7.2957712170        0.0046437400
        7.4284712753        0.0052942646
        7.5611713337        0.0062436321
        7.6938713921        0.0074639468
        7.8265714505        0.0088696132
        7.9592715089        0.0103345957
        8.0919715673        0.0117207569
        8.2246716257        0.0129103402
        8.3573716841        0.0138346688
        8.4900717425        0.0144926685
        8.6227718009        0.0149560542
        8.7554718593        0.0153608000
        8.8881719176        0.0158855696
        9.0208719760        0.0167182264
        9.1535720344        0.0180137176
        9.2862720928        0.0198509721
        9.4189721512        0.0222001972
        9.5516722096        0.0249113217
        9.6843722680        0.0277283854
        9.8170723264        0.0303267171
        9.9497723848        0.0323644400
       10.0824724432        0.0335391013
       10.2151725016        0.0336418499
       10.3478725600        0.0326023197
       10.4805726183        0.0305166392
       10.6132726767        0.0276514267
       10.7459727351        0.0244205868
       10.8786727935        0.0213377130
       11.0113728519        0.0189504715
       11.1440729103        0.0177620353
       11.2767729687        0.0181420098
       11.4094730271        0.0202327510
       11.5421730855        0.0238700379
       11.6748731439        0.0285526526
       11.8075732023        0.0334979137
       11.9402732606        0.0377970988
       12.0729733190        0.0406399156
       12.2056733774        0.0415340709
       12.3383734358        0.0404340431
       12.4710734942        0.0377264400
       12.6037735526        0.0340831105
       12.7364736110        0.0302514470
       12.8691736694        0.0268708439
       13.0018737278        0.0243770833
       13.1345737862        0.0230033602
       13.2672738446        0.0228407695
       13.3999739030        0.0239051875
       13.5326739613        0.0261726583
       13.6653740197        0.0295756550
       13.7980740781        0.0339784448
       13.9307741365        0.0391594839
       14.0634741949        0.0448215520
       14.1961742533        0.0506332845
       14.3288743117        0.0562885528
       14.4615743701        0.0615606985
       14.5942744285        0.0663305376
       14.7269744869        0.0705786618
       14.8596745453        0.0743480870
       14.9923746036        0.0776955760
       15.1250746620        0.0806538704
       15.2577747204        0.0832215913
       15.3904747788        0.0853855773
       15.5231748372        0.0871666689
       15.6558748956        0.0886690721
       15.7885749540        0.0901090986
       15.9212750124        0.0918037392
       16.0539750708        0.0941134175
       16.1866751292        0.0973526561
       16.3193751876        0.1016990453
       16.4520752459        0.1071352136
       16.5847753043        0.1134456646
       16.7174753627        0.1202654147
       16.8501754211        0.1271541394
       16.9828754795        0.1336622976
       17.1155755379        0.1393690881
       17.2482755963        0.1438968502
       17.3809756547        0.1469252653
       17.5136757131        0.1482280374
       17.6463757715        0.1477347784
       17.7790758299        0.1455951629
       17.9117758883        0.1422084501
       18.0444759466        0.1381887420
       18.1771760050        0.1342612399
       18.3098760634        0.1311142503
       18.4425761218        0.1292518417
       18.5752761802        0.1288947318
       18.7079762386        0.1299616851
       18.8406762970        0.1321360702
       18.9733763554        0.1349918370
       19.1060764138        0.1381313445
       19.2387764722        0.1412839956
       19.3714765306        0.1443332171
       19.5041765889        0.1472735536
       19.6368766473        0.1501333641
       19.7695767057        0.1529131350
       19.9022767641        0.1555751979
       20.0349768225        0.1580852624
       20.1676768809        0.1604710977
       20.3003769393        0.1628504312
       20.4330769977        0.1653962485
       20.5657770561        0.1682432860
       20.6984771145        0.1713752081
       20.8311771729        0.1745501977
       20.9638772312        0.1773147081
       21.0965772896        0.1791225837
       21.2292773480        0.1795310096
       21.3619774064        0.1784041064
       21.4946774648        0.1760386116
       21.6273775232        0.1731449887
       21.7600775816        0.1706679338
       21.8927776400        0.1694946004
       22.0254776984        0.1701511622
       22.1581777568        0.1726044530
       22.2908778152        0.1762530874
       22.4235778736        0.1801196916
       22.5562779319        0.1831727289
       22.6889779903        0.1846534859
       22.8216780487        0.1842892811
       22.9543781071        0.1823337740
       23.0870781655        0.1794534767
       23.2197782239        0.1765322860
       23.3524782823        0.1744707358
       23.4851783407        0.1740251956
       23.6178783991        0.1756959514
       23.7505784575        0.1796573239
       23.8832785159        0.1857297908
       24.0159785742        0.1934060280
       24.1486786326        0.2019409695
       24.2813786910        0.2104960604
       24.4140787494        0.2183021535
       24.5467788078        0.2247919228
       24.6794788662        0.2296615900
       24.8121789246        0.2328500316
       24.9448789830        0.2344574843
       25.0775790414        0.2346495134
       25.2102790998        0.2335922734
       25.3429791582        0.2314404175
       25.4756792165        0.2283615713
       25.6083792749        0.2245541336
       25.7410793333        0.2202190811
       25.8737793917        0.2154833180
       26.0064794501        0.2103186000
       26.1391795085        0.2045206283
       26.2718795669        0.1977861252
       26.4045796253        0.1898641076
       26.5372796837        0.1807029158
       26.6699797421        0.1705084350
       26.8026798005        0.1596800439
       26.9353798589        0.1486658185
       27.0680799172        0.1378257516
       27.2007799756        0.1273797495
       27.3334800340        0.1174569955
       27.4661800924        0.1081979969
       27.5988801508        0.0998326024
       27.7315802092        0.0926799003
       27.8642802676        0.0870689944
       27.9969803260        0.0832272446
       28.1296803844        0.0811973250
       28.2623804428        0.0808227949
       28.3950805012        0.0818021647
       28.5277805595        0.0837792760
       28.6604806179        0.0864290351
       28.7931806763        0.0895104297
       28.9258807347        0.0928796403
       29.0585807931        0.0964715162
       29.1912808515        0.1002629360
       29.3239809099        0.1042296917
       29.4566809683        0.1083049085
       29.5893810267        0.1123454180
       29.7220810851        0.1161144953
       29.8547811435        0.1192936449
       29.9874812018        0.1215371667
       30.1201812602        0.1225731964
       30.2528813186        0.1223309962
       30.3855813770        0.1210464267
       30.5182814354        0.1192864569
       30.6509814938        0.1178560856
       30.7836815522        0.1176031762
       30.9163816106        0.1191907624
       31.0490816690        0.1229281340
       31.1817817274        0.1287257918
       31.3144817858        0.1361804444
       31.4471818442        0.1447394595
       31.5798819025        0.1538689293
       31.7125819609        0.1631616634
       31.8452820193        0.1723558731
       31.9779820777        0.1812723330
       32.1106821361        0.1897062273
       32.2433821945        0.1973266632
       32.3760822529        0.2036387356
       32.5087823113        0.2080440091
       32.6414823697        0.2099944324
       32.7741824281        0.2091857715
       32.9068824865        0.2057057715
       33.0395825448        0.2000616168
       33.1722826032        0.1930615066
       33.3049826616        0.1855921070
       33.4376827200        0.1783829092
       33.5703827784        0.1718561695
       33.7030828368        0.1661248830
       33.8357828952        0.1611377823
       33.9684829536        0.1569051835
       34.1011830120        0.1536984689
       34.2338830704        0.1521185778
       34.3665831288        0.1529801193
       34.4992831871        0.1570405500
       34.6319832455        0.1646812363
       34.7646833039        0.1756793705
       34.8973833623        0.1891779822
       35.0300834207        0.2038804581
       35.1627834791        0.2184047599
       35.2954835375        0.2316702422
       35.4281835959        0.2431782168
       35.5608836543        0.2530867421
       35.6935837127        0.2620561569
       35.8262837711        0.2709299610
       35.9589838295        0.2803831169
       36.0916838878        0.2906847805
       36.2243839462        0.3016713993
       36.3570840046        0.3129283521
       36.4897840630        0.3240805340
       36.6224841214        0.3350428816
       36.7551841798        0.3461035260
       36.8878842382        0.3577923417
       37.0205842966        0.3705882313
       37.1532843550        0.3845951868
       37.2859844134        0.3993363923
       37.4186844718        0.4137679241
       37.5513845301        0.4265203648
       37.6840845885        0.4362823887
       37.8167846469        0.4421887795
       37.9494847053        0.4440834246
       38.0821847637        0.4425794604
       38.2148848221        0.4389027848
       38.3475848805        0.4345600474
       38.4802849389        0.4309141182
       38.6129849973        0.4287805533
       38.7456850557        0.4281698065
       38.8783851141        0.4282749165
       39.0110851725        0.4277340252
       39.1437852308        0.4250972560
       39.2764852892        0.4193395181
       39.4091853476        0.4102310745
       39.5418854060        0.3984285649
       39.6745854644        0.3852610660
       39.8072855228        0.3723049051
       39.9399855812        0.3609103125
       40.0726856396        0.3518365742
       40.2053856980        0.3450880610
       40.3380857564        0.3399653783
       40.4707858148        0.3352904906
       40.6034858731        0.3297395802
       40.7361859315        0.3222073661
       40.8688859899        0.3121178548
       41.0015860483        0.2995940273
       41.1342861067        0.2854211223
       41.2669861651        0.2707952233
       41.3996862235        0.2569268502
       41.5323862819        0.2446335094
       41.6650863403        0.2340707490
       41.7977863987        0.2247047752
       41.9304864571        0.2155380061
       42.0631865154        0.2055008333
       42.1958865738        0.1938596776
       42.3285866322        0.1804882379
       42.4612866906        0.1659050483
       42.5939867490        0.1510723611
       42.7266868074        0.1370427746
       42.8593868658        0.1245955550
       42.9920869242        0.1140021128
       43.1247869826        0.1050001950
       43.2574870410        0.0969649779
       43.3901870994        0.0891846678
       43.5228871578        0.0811164624
       43.6555872161        0.0725278514
       43.7882872745        0.0634966687
       43.9209873329        0.0543098011
       44.0536873913        0.0453310339
       44.1863874497        0.0368963606
       44.3190875081        0.0292596687
       44.4517875665        0.0225802095
       44.5844876249        0.0169311208
       44.7171876833        0.0123132619
       44.8498877417        0.0086689696
       44.9825878001        0.0058965347
       45.1152878584        0.0038664305
       45.2479879168        0.0024380378
       45.3806879752        0.0014743104
       45.5133880336        0.0008524042
       45.6460880920        0.0004697219
       45.7787881504        0.0002459303
       45.9114882088        0.0001219741
       46.0441882672        0.0000571523
       46.1768883256        0.0000252395
